10116001 401. 001 500. 0. unuin· 500.
chlamys 506. ’ corbes, cophini 1116001010 100.
Choul 611556. 470.

0610011011 505. cornei hominen 81.

Chrysippus 571. 551. 001010011 576.

061910110111111 165. 0010010185. 160.571.570.116.
0100111 largitio 469. Ρο1111101.1111019101. ,
011110 50. 69. 71. 81. 197. 046. corrumpitur, 91106 0111001111, ex

060. 505. 505. 545. 415. 455. 010010 10101001 050. 051.

456. 457468. 470. 490. 499. 0011101010,οι1011010 exemplum

505. 517. 559. 547. 551. 41.

0100111101 siguificare 90. 00110 106. 515.

elem! 4⁵1· CPOWP D· Α. G· 204⁰
Cincinnatus 105. 6111111111110105. ,
cinnamum 518. 01011100 077.

0111011 70. 0101111111 110161.

ciuus, 01110111 luxus 86. 0101111110 funerum 00 19011111-
01106010 versum 101. 1111011505.

Claudianae 505. 409. 451. crepido, 9111110 0011091145. 611-
Claudius 0010159. 555. 400. 100611106000167111 011110

550. 0101011 167. 910 01010 111- .

0100111111. N. 151. 000. 485. 901610 61011 168. ι,
Cluverius, Persii interpres, 55. 010110 0011 177.

540. 485. creta 17 7. 469. oetan 00161110
Cleanthen 465. 466· ¹
ClemeneAleeindrinmryonur. 01011001 105. 155. .
Coa 444. 0160101061116160511.551. 550
0001010151. 040. 01111010160111111 7ο.

0061001 11011 1010010 01060061 0100111191111111 500. 501.

5342 eorum 01111 unde 000· 0106111 85. 101. 165.

cludetur 448. 0109111111 96. 154.
columbus, palumbus 050. 001101 Deorum 10101 198. 236.
Columella 105. 051. 070. 405. 041. 040.

455. 486. 505. 0001111001 9111101598.

00011101 047. 585. 589. 00110 veterum 199.
0001111001 544. 0010 9016110169.
0001006110 10119110.1111 01 li· Cybeleium 470488.

0011111 150. 161. 1011910101 1101110410.

150. 161. 19. 1510016011 019. .

00019111 554. Daniel P. 084.
componere 01 0011001110 1001- 1101111160.

tuoe 097. 6101000061011101101101101065. Δ

conscientium. 060. 0. punien- 6000011101 165. decoquere 400.

111 descriptiones 1906 101. Delrio 400.

classicos 060. Demetrius Cynicus 175.
consono 1001010119οο 0011 90- Demosthenes 001.

minate 106. 6096010111 veterum 559.
Comacinae 507. 6191109010 550.

 

